1490	2.50540000000000
1490.50000000000	2.45360000000000
1491	2.38660000000000
1491.50000000000	2.37990000000000
1492	2.37010000000000
1492.50000000000	2.35000000000000
1493	2.34100000000000
1493.50000000000	2.31740000000000
1494	2.29520000000000
1494.50000000000	2.26700000000000
1495	2.27320000000000
1495.50000000000	2.32000000000000
1496	2.32470000000000
1496.50000000000	2.31850000000000
1497	2.28250000000000
1497.50000000000	2.25310000000000
1498	2.23550000000000
1498.50000000000	2.22260000000000
1499	2.22810000000000
1499.50000000000	2.22570000000000
1500	2.22130000000000
1500.50000000000	2.23310000000000
1501	2.27960000000000
1501.50000000000	2.30640000000000
1502	2.33450000000000
1502.50000000000	2.35000000000000
1503	2.37960000000000
1503.50000000000	2.41080000000000
1504	2.43300000000000
1504.50000000000	2.45620000000000
1505	2.48570000000000
1505.50000000000	2.49780000000000
1506	2.50210000000000
1506.50000000000	2.50450000000000
1507	2.52340000000000
1507.50000000000	2.51310000000000
1508	2.48170000000000
1508.50000000000	2.44700000000000
1509	2.42260000000000
1509.50000000000	2.43870000000000
1510	2.44110000000000
1510.50000000000	2.42910000000000
1511	2.42690000000000
1511.50000000000	2.43440000000000
1512	2.45280000000000
1512.50000000000	2.45760000000000
1513	2.45690000000000
1513.50000000000	2.49070000000000
1514	2.49750000000000
1514.50000000000	2.48310000000000
1515	2.47290000000000
1515.50000000000	2.47290000000000
1516	2.47000000000000
1516.50000000000	2.45850000000000
1517	2.45130000000000
1517.50000000000	2.45550000000000
1518	2.47090000000000
1518.50000000000	2.48360000000000
1519	2.48770000000000
1519.50000000000	2.48300000000000
1520	2.49360000000000
1520.50000000000	2.47390000000000
1521	2.45720000000000
1521.50000000000	2.47100000000000
1522	2.47040000000000
1522.50000000000	2.45750000000000
1523	2.45860000000000
1523.50000000000	2.45920000000000
1524	2.46890000000000
1524.50000000000	2.47540000000000
1525	2.49700000000000
1525.50000000000	2.51850000000000
1526	2.51470000000000
1526.50000000000	2.52460000000000
1527	2.55740000000000
1527.50000000000	2.56540000000000
1528	2.55450000000000
1528.50000000000	2.50120000000000
1529	2.45660000000000
1529.50000000000	2.43720000000000
1530	2.43340000000000
1530.50000000000	2.43310000000000
1531	2.43460000000000
1531.50000000000	2.43560000000000
1532	2.43650000000000
1532.50000000000	2.43900000000000
1533	2.44150000000000
1533.50000000000	2.42830000000000
1534	2.43260000000000
1534.50000000000	2.45650000000000
1535	2.45680000000000
1535.50000000000	2.45760000000000
1536	2.47240000000000
1536.50000000000	2.48260000000000
1537	2.48510000000000
1537.50000000000	2.48160000000000
1538	2.48200000000000
1538.50000000000	2.49750000000000
1539	2.52400000000000
1539.50000000000	2.53630000000000
1540	2.53330000000000
1540.50000000000	2.51660000000000
1541	2.50660000000000
1541.50000000000	2.50050000000000
1542	2.49200000000000
1542.50000000000	2.50530000000000
1543	2.52700000000000
1543.50000000000	2.50970000000000
1544	2.48980000000000
1544.50000000000	2.49610000000000
1545	2.49050000000000
1545.50000000000	2.48590000000000
1546	2.48490000000000
1546.50000000000	2.48420000000000
1547	2.47690000000000
1547.50000000000	2.45150000000000
1548	2.39620000000000
1548.50000000000	2.33480000000000
1549	2.28350000000000
1549.50000000000	2.26110000000000
1550	2.26070000000000
1550.50000000000	2.33740000000000
1551	2.46790000000000
1551.50000000000	2.49070000000000
1552	2.47870000000000
1552.50000000000	2.47940000000000
1553	2.48960000000000
1553.50000000000	2.48180000000000
1554	2.48090000000000
1554.50000000000	2.49070000000000
1555	2.50130000000000
1555.50000000000	2.50290000000000
1556	2.49990000000000
1556.50000000000	2.50310000000000
1557	2.50450000000000
1557.50000000000	2.50990000000000
1558	2.49470000000000
1558.50000000000	2.46140000000000
1559	2.47640000000000
1559.50000000000	2.49860000000000
1560	2.51620000000000
1560.50000000000	2.52600000000000
1561	2.51780000000000
1561.50000000000	2.52070000000000
1562	2.49890000000000
1562.50000000000	2.47060000000000
1563	2.48220000000000
1563.50000000000	2.49650000000000
1564	2.50840000000000
1564.50000000000	2.52320000000000
1565	2.51710000000000
1565.50000000000	2.51240000000000
1566	2.53010000000000
1566.50000000000	2.54620000000000
1567	2.56120000000000
1567.50000000000	2.56770000000000
1568	2.56880000000000
1568.50000000000	2.55240000000000
1569	2.53230000000000
1569.50000000000	2.50020000000000
1570	2.48500000000000
1570.50000000000	2.49840000000000
1571	2.51260000000000
1571.50000000000	2.50650000000000
1572	2.48820000000000
1572.50000000000	2.49420000000000
1573	2.49180000000000
1573.50000000000	2.48120000000000
1574	2.47840000000000
1574.50000000000	2.47770000000000
1575	2.47660000000000
1575.50000000000	2.48280000000000
1576	2.49520000000000
1576.50000000000	2.50290000000000
1577	2.50990000000000
1577.50000000000	2.49760000000000
1578	2.47050000000000
1578.50000000000	2.45260000000000
1579	2.46050000000000
1579.50000000000	2.46990000000000
1580	2.48730000000000
1580.50000000000	2.49100000000000
1581	2.48250000000000
1581.50000000000	2.49110000000000
1582	2.50550000000000
1582.50000000000	2.51050000000000
1583	2.49430000000000
1583.50000000000	2.46270000000000
1584	2.45980000000000
1584.50000000000	2.45330000000000
1585	2.44210000000000
1585.50000000000	2.43390000000000
1586	2.41460000000000
1586.50000000000	2.40260000000000
1587	2.39240000000000
1587.50000000000	2.38760000000000
1588	2.39080000000000
1588.50000000000	2.39380000000000
1589	2.39170000000000
1589.50000000000	2.38110000000000
1590	2.38540000000000
1590.50000000000	2.38610000000000
1591	2.38730000000000
1591.50000000000	2.38480000000000
1592	2.37810000000000
1592.50000000000	2.39280000000000
1593	2.42270000000000
1593.50000000000	2.46950000000000
1594	2.47980000000000
1594.50000000000	2.46810000000000
1595	2.45860000000000
1595.50000000000	2.46940000000000
1596	2.46710000000000
1596.50000000000	2.46010000000000
1597	2.46860000000000
1597.50000000000	2.46530000000000
1598	2.47020000000000
1598.50000000000	2.47230000000000
1599	2.46710000000000
1599.50000000000	2.47370000000000
1600	2.46300000000000
1600.50000000000	2.46400000000000
1601	2.48320000000000
1601.50000000000	2.48280000000000
1602	2.46370000000000
1602.50000000000	2.48570000000000
1603	2.48400000000000
1603.50000000000	2.46960000000000
1604	2.46780000000000
1604.50000000000	2.46450000000000
1605	2.45130000000000
1605.50000000000	2.45380000000000
1606	2.46150000000000
1606.50000000000	2.46910000000000
1607	2.48340000000000
1607.50000000000	2.49440000000000
1608	2.50320000000000
1608.50000000000	2.49000000000000
1609	2.47680000000000
1609.50000000000	2.47490000000000
1610	2.49580000000000
1610.50000000000	2.51140000000000
1611	2.50270000000000
1611.50000000000	2.49760000000000
1612	2.49180000000000
1612.50000000000	2.49090000000000
1613	2.48820000000000
1613.50000000000	2.46900000000000
1614	2.47060000000000
1614.50000000000	2.49120000000000
1615	2.49390000000000
1615.50000000000	2.50070000000000
1616	2.51110000000000
1616.50000000000	2.51440000000000
1617	2.49270000000000
1617.50000000000	2.46000000000000
1618	2.47660000000000
1618.50000000000	2.48620000000000
1619	2.49130000000000
1619.50000000000	2.48630000000000
1620	2.48360000000000
1620.50000000000	2.49340000000000
1621	2.51110000000000
1621.50000000000	2.51020000000000
1622	2.50050000000000
1622.50000000000	2.50700000000000
1623	2.50440000000000
1623.50000000000	2.46630000000000
1624	2.46350000000000
1624.50000000000	2.46850000000000
1625	2.48700000000000
1625.50000000000	2.47570000000000
1626	2.45470000000000
1626.50000000000	2.46360000000000
1627	2.47150000000000
1627.50000000000	2.47420000000000
1628	2.48540000000000
1628.50000000000	2.49590000000000
1629	2.51090000000000
1629.50000000000	2.50130000000000
1630	2.48260000000000
1630.50000000000	2.48720000000000
1631	2.48890000000000
1631.50000000000	2.48880000000000
1632	2.47620000000000
1632.50000000000	2.46670000000000
1633	2.47740000000000
1633.50000000000	2.49890000000000
1634	2.50710000000000
1634.50000000000	2.48680000000000
1635	2.46850000000000
1635.50000000000	2.46020000000000
1636	2.45620000000000
1636.50000000000	2.46180000000000
1637	2.46940000000000
1637.50000000000	2.47130000000000
1638	2.46370000000000
1638.50000000000	2.47220000000000
1639	2.48460000000000
1639.50000000000	2.47520000000000
1640	2.45720000000000
1640.50000000000	2.44100000000000
1641	2.44750000000000
1641.50000000000	2.45980000000000
1642	2.46630000000000
1642.50000000000	2.47010000000000
1643	2.48220000000000
1643.50000000000	2.50060000000000
1644	2.53050000000000
1644.50000000000	2.52350000000000
1645	2.48970000000000
1645.50000000000	2.47500000000000
1646	2.47530000000000
1646.50000000000	2.47650000000000
1647	2.47280000000000
1647.50000000000	2.47030000000000
1648	2.46320000000000
1648.50000000000	2.45950000000000
1649	2.45330000000000
1649.50000000000	2.44260000000000
1650	2.47130000000000
1650.50000000000	2.50230000000000
1651	2.51500000000000
1651.50000000000	2.50150000000000
1652	2.49180000000000
1652.50000000000	2.49250000000000
1653	2.49610000000000
1653.50000000000	2.48590000000000
1654	2.48210000000000
1654.50000000000	2.47600000000000
1655	2.47750000000000
1655.50000000000	2.49580000000000
1656	2.51240000000000
1656.50000000000	2.50660000000000
1657	2.47980000000000
1657.50000000000	2.48110000000000
1658	2.48240000000000
1658.50000000000	2.48010000000000
1659	2.48310000000000
1659.50000000000	2.48900000000000
1660	2.49140000000000
1660.50000000000	2.48660000000000
1661	2.48390000000000
1661.50000000000	2.48290000000000
1662	2.48290000000000
1662.50000000000	2.49260000000000
1663	2.49730000000000
1663.50000000000	2.46790000000000
1664	2.45370000000000
1664.50000000000	2.45720000000000
1665	2.47090000000000
1665.50000000000	2.47360000000000
1666	2.48950000000000
1666.50000000000	2.48440000000000
1667	2.47920000000000
1667.50000000000	2.47260000000000
1668	2.46810000000000
1668.50000000000	2.45980000000000
1669	2.45890000000000
1669.50000000000	2.46120000000000
1670	2.44640000000000
1670.50000000000	2.44940000000000
1671	2.47170000000000
1671.50000000000	2.50100000000000
1672	2.50410000000000
1672.50000000000	2.49650000000000
1673	2.50450000000000
1673.50000000000	2.48290000000000
1674	2.47700000000000
1674.50000000000	2.49080000000000
1675	2.50060000000000
1675.50000000000	2.51350000000000
1676	2.51440000000000
1676.50000000000	2.51140000000000
1677	2.51820000000000
1677.50000000000	2.53050000000000
1678	2.53270000000000
1678.50000000000	2.52320000000000
1679	2.52370000000000
1679.50000000000	2.52390000000000
1680	2.52070000000000
1680.50000000000	2.51560000000000
1681	2.51210000000000
1681.50000000000	2.51080000000000
1682	2.50320000000000
1682.50000000000	2.49860000000000
1683	2.50120000000000
1683.50000000000	2.49740000000000
1684	2.48870000000000
1684.50000000000	2.48230000000000
1685	2.48540000000000
1685.50000000000	2.49030000000000
1686	2.49670000000000
1686.50000000000	2.48930000000000
1687	2.49410000000000
1687.50000000000	2.49410000000000
1688	2.49370000000000
1688.50000000000	2.49720000000000
1689	2.50570000000000
1689.50000000000	2.51640000000000
1690	2.52500000000000
1690.50000000000	2.54350000000000
1691	2.55180000000000
1691.50000000000	2.53990000000000
1692	2.53880000000000
1692.50000000000	2.52380000000000
1693	2.51220000000000
1693.50000000000	2.50490000000000
1694	2.50320000000000
1694.50000000000	2.49500000000000
1695	2.48050000000000
1695.50000000000	2.48230000000000
1696	2.50660000000000
1696.50000000000	2.52380000000000
1697	2.52440000000000
1697.50000000000	2.52600000000000
1698	2.53180000000000
1698.50000000000	2.53150000000000
1699	2.51730000000000
1699.50000000000	2.52530000000000
1700	2.53760000000000
1700.50000000000	2.54470000000000
1701	2.55180000000000
1701.50000000000	2.55350000000000
1702	2.54070000000000
1702.50000000000	2.51920000000000
1703	2.51460000000000
1703.50000000000	2.51570000000000
1704	2.52540000000000
1704.50000000000	2.51980000000000
1705	2.51470000000000
1705.50000000000	2.51670000000000
1706	2.53810000000000
1706.50000000000	2.54260000000000
1707	2.52200000000000
1707.50000000000	2.52600000000000
1708	2.53950000000000
1708.50000000000	2.53060000000000
1709	2.52570000000000
1709.50000000000	2.51790000000000
1710	2.50280000000000
1710.50000000000	2.50470000000000
1711	2.51240000000000
1711.50000000000	2.50540000000000
1712	2.50660000000000
1712.50000000000	2.50870000000000
1713	2.50720000000000
1713.50000000000	2.50490000000000
1714	2.50660000000000
1714.50000000000	2.50090000000000
1715	2.47360000000000
1715.50000000000	2.45910000000000
1716	2.43670000000000
1716.50000000000	2.43450000000000
1717	2.47240000000000
1717.50000000000	2.48530000000000
1718	2.50560000000000
1718.50000000000	2.52530000000000
1719	2.52880000000000
1719.50000000000	2.52410000000000
1720	2.50880000000000
1720.50000000000	2.52290000000000
1721	2.52680000000000
1721.50000000000	2.52680000000000
1722	2.52390000000000
1722.50000000000	2.53500000000000
1723	2.54090000000000
1723.50000000000	2.53670000000000
1724	2.52160000000000
1724.50000000000	2.52500000000000
1725	2.52780000000000
1725.50000000000	2.51280000000000
1726	2.49490000000000
1726.50000000000	2.47070000000000
1727	2.44850000000000
1727.50000000000	2.42740000000000
1728	2.40730000000000
1728.50000000000	2.40450000000000
1729	2.42040000000000
1729.50000000000	2.43980000000000
1730	2.45630000000000
1730.50000000000	2.46270000000000
1731	2.46620000000000
1731.50000000000	2.42060000000000
1732	2.40450000000000
1732.50000000000	2.40980000000000
1733	2.43810000000000
1733.50000000000	2.47150000000000
1734	2.47550000000000
1734.50000000000	2.47500000000000
1735	2.47410000000000
1735.50000000000	2.46530000000000
1736	2.44670000000000
1736.50000000000	2.42630000000000
1737	2.41680000000000
1737.50000000000	2.41360000000000
1738	2.41110000000000
1738.50000000000	2.40000000000000
1739	2.40150000000000
1739.50000000000	2.40730000000000
1740	2.41770000000000
1740.50000000000	2.42700000000000
1741	2.43250000000000
1741.50000000000	2.42550000000000
1742	2.44630000000000
1742.50000000000	2.43270000000000
1743	2.44500000000000
1743.50000000000	2.46520000000000
1744	2.48080000000000
1744.50000000000	2.50820000000000
1745	2.54070000000000
1745.50000000000	2.55780000000000
1746	2.55190000000000
1746.50000000000	2.52030000000000
1747	2.50470000000000
1747.50000000000	2.49630000000000
1748	2.49030000000000
1748.50000000000	2.49150000000000
1749	2.49380000000000
1749.50000000000	2.49190000000000
1750	2.47970000000000
1750.50000000000	2.46570000000000
1751	2.48070000000000
1751.50000000000	2.48360000000000
1752	2.47430000000000
1752.50000000000	2.44090000000000
1753	2.42810000000000
1753.50000000000	2.42600000000000
1754	2.43390000000000
1754.50000000000	2.45660000000000
1755	2.45750000000000
1755.50000000000	2.45670000000000
1756	2.46400000000000
1756.50000000000	2.47270000000000
1757	2.50000000000000
1757.50000000000	2.52740000000000
1758	2.55070000000000
1758.50000000000	2.56230000000000
1759	2.55610000000000
1759.50000000000	2.51680000000000
1760	2.48260000000000
1760.50000000000	2.47470000000000
1761	2.47370000000000
1761.50000000000	2.47410000000000
1762	2.48030000000000
1762.50000000000	2.48380000000000
1763	2.44840000000000
1763.50000000000	2.42960000000000
1764	2.42840000000000
1764.50000000000	2.43240000000000
1765	2.43660000000000
1765.50000000000	2.46490000000000
1766	2.49400000000000
1766.50000000000	2.51620000000000
1767	2.52130000000000
1767.50000000000	2.49590000000000
1768	2.46820000000000
1768.50000000000	2.46870000000000
1769	2.47410000000000
1769.50000000000	2.48110000000000
1770	2.49230000000000
1770.50000000000	2.49690000000000
1771	2.50080000000000
1771.50000000000	2.51090000000000
1772	2.52840000000000
1772.50000000000	2.51830000000000
1773	2.48420000000000
1773.50000000000	2.46880000000000
1774	2.46960000000000
1774.50000000000	2.48840000000000
1775	2.50680000000000
1775.50000000000	2.50220000000000
1776	2.48700000000000
1776.50000000000	2.47140000000000
1777	2.47200000000000
1777.50000000000	2.48970000000000
1778	2.48630000000000
1778.50000000000	2.47510000000000
1779	2.47280000000000
1779.50000000000	2.47510000000000
1780	2.46980000000000
1780.50000000000	2.46760000000000
1781	2.47730000000000
1781.50000000000	2.48560000000000
1782	2.46670000000000
1782.50000000000	2.44790000000000
1783	2.44700000000000
1783.50000000000	2.46190000000000
1784	2.45090000000000
1784.50000000000	2.44910000000000
1785	2.45260000000000
1785.50000000000	2.46390000000000
1786	2.48530000000000
1786.50000000000	2.49690000000000
1787	2.50800000000000
1787.50000000000	2.51780000000000
1788	2.50850000000000
1788.50000000000	2.50730000000000
1789	2.49400000000000
1789.50000000000	2.47270000000000
1790	2.47450000000000
1790.50000000000	2.48240000000000
1791	2.47290000000000
1791.50000000000	2.46380000000000
1792	2.47280000000000
1792.50000000000	2.48030000000000
1793	2.47520000000000
1793.50000000000	2.46570000000000
1794	2.44830000000000
1794.50000000000	2.45650000000000
1795	2.45810000000000
1795.50000000000	2.45680000000000
1796	2.46420000000000
1796.50000000000	2.47450000000000
1797	2.48120000000000
1797.50000000000	2.49480000000000
1798	2.51310000000000
1798.50000000000	2.49550000000000
1799	2.46670000000000
1799.50000000000	2.47480000000000
1800	2.48330000000000
1800.50000000000	2.46530000000000
1801	2.45620000000000
1801.50000000000	2.47160000000000
1802	2.48920000000000
1802.50000000000	2.50080000000000
1803	2.49620000000000
1803.50000000000	2.47390000000000
1804	2.46230000000000
1804.50000000000	2.46160000000000
1805	2.46900000000000
1805.50000000000	2.46770000000000
1806	2.48470000000000
1806.50000000000	2.47450000000000
1807	2.46280000000000
1807.50000000000	2.46580000000000
1808	2.45440000000000
1808.50000000000	2.46150000000000
1809	2.48140000000000
1809.50000000000	2.47520000000000
1810	2.46010000000000
1810.50000000000	2.45280000000000
1811	2.44760000000000
1811.50000000000	2.45100000000000
1812	2.46470000000000
1812.50000000000	2.48130000000000
1813	2.49570000000000
1813.50000000000	2.47980000000000
1814	2.47220000000000
1814.50000000000	2.48220000000000
1815	2.50050000000000
1815.50000000000	2.52140000000000
1816	2.54310000000000
1816.50000000000	2.53690000000000
1817	2.51540000000000
1817.50000000000	2.52290000000000
1818	2.50990000000000
1818.50000000000	2.50010000000000
1819	2.50370000000000
1819.50000000000	2.50760000000000
1820	2.49850000000000
1820.50000000000	2.48900000000000
1821	2.49130000000000
1821.50000000000	2.49670000000000
1822	2.48420000000000
1822.50000000000	2.47550000000000
1823	2.48220000000000
1823.50000000000	2.49180000000000
1824	2.49560000000000
1824.50000000000	2.48260000000000
1825	2.45530000000000
1825.50000000000	2.45640000000000
1826	2.47010000000000
1826.50000000000	2.47910000000000
1827	2.47610000000000
1827.50000000000	2.47890000000000
1828	2.47640000000000
1828.50000000000	2.47840000000000
1829	2.48160000000000
1829.50000000000	2.47670000000000
1830	2.49150000000000
1830.50000000000	2.49230000000000
1831	2.48940000000000
1831.50000000000	2.49820000000000
1832	2.48860000000000
1832.50000000000	2.47230000000000
1833	2.47920000000000
1833.50000000000	2.48240000000000
1834	2.47780000000000
1834.50000000000	2.47540000000000
1835	2.48740000000000
1835.50000000000	2.48770000000000
1836	2.46700000000000
1836.50000000000	2.46650000000000
1837	2.48030000000000
1837.50000000000	2.48330000000000
1838	2.47160000000000
1838.50000000000	2.47520000000000
1839	2.47700000000000
1839.50000000000	2.47400000000000
1840	2.47670000000000
1840.50000000000	2.48460000000000
1841	2.49380000000000
1841.50000000000	2.49260000000000
1842	2.48490000000000
1842.50000000000	2.48030000000000
1843	2.48900000000000
1843.50000000000	2.50160000000000
1844	2.50980000000000
1844.50000000000	2.51430000000000
1845	2.49560000000000
1845.50000000000	2.47990000000000
1846	2.49160000000000
1846.50000000000	2.50020000000000
1847	2.48330000000000
1847.50000000000	2.48090000000000
1848	2.47960000000000
1848.50000000000	2.47690000000000
1849	2.47710000000000
1849.50000000000	2.49110000000000
1850	2.55810972972973
1850.50000000000	2.57363627745299
1851	2.58972194556245
1851.50000000000	2.60951904849544
1852	2.60485984646718
1852.50000000000	2.62697898693913
1853	2.62433056561716
1853.50000000000	2.60483215077780
1854	2.59416305809263
1854.50000000000	2.62593210244193
1855	2.61182882243048
1855.50000000000	2.57942623515630
1856	2.61109412692341
1856.50000000000	2.60606639492967
1857	2.57768565144141
1857.50000000000	2.57595586518373
1858	2.61630035394184
1858.50000000000	2.63230946145964
1859	2.62735160946842
1859.50000000000	2.60525578131479
1860	2.63161154997770
1860.50000000000	2.65199963172600
1861	2.61286570976386
1861.50000000000	2.58291906162899
1862	2.58705734252788
1862.50000000000	2.59779259613015
1863	2.59311671240458
1863.50000000000	2.58645333641191
1864	2.58330391776872
1864.50000000000	2.59647342957532
1865	2.60693081525804
1865.50000000000	2.60656298478003
1866	2.60293184207272
1866.50000000000	2.59641174738474
1867	2.56109205305008
1867.50000000000	2.54283183795541
1868	2.53013803009576
1868.50000000000	2.53834226297817
1869	2.56896162388466
1869.50000000000	2.57783169894203
1870	2.56626735327314
1870.50000000000	2.51399809247673
1871	2.55970590496694
1871.50000000000	2.61542171972343
1872	2.61225873627157
1872.50000000000	2.58107607899372
1873	2.53425394357480
1873.50000000000	2.53389148682404
1874	2.54679674429121
1874.50000000000	2.54908407676113
1875	2.54603300661044
1875.50000000000	2.51485610003380
1876	2.56279355139259
1876.50000000000	2.61398682284041
1877	2.58801701781577
1877.50000000000	2.55405330040954
1878	2.53556336736382
1878.50000000000	2.51713940131090
1879	2.52082335444036
1879.50000000000	2.52903241491086
1880	2.52866364618339
1880.50000000000	2.52743557757262
1881	2.53113870663294
1881.50000000000	2.53263147643756
1882	2.54825535823637
1882.50000000000	2.56187129947504
1883	2.56328495405464
1883.50000000000	2.57040493401110
1884	2.59436116828230
1884.50000000000	2.60194069471901
1885	2.59496719361135
1885.50000000000	2.63108817984393
1886	2.65262957357785
1886.50000000000	2.65385129581141
1887	2.63198737416007
1887.50000000000	2.60733825830408
1888	2.65111279717549
1888.50000000000	2.67454420888925
1889	2.64047727765335
1889.50000000000	2.62087923290115
1890	2.61200703639432
1890.50000000000	2.63157589993163
1891	2.61249866775487
1891.50000000000	2.60660385029296
1892	2.60624618433158
1892.50000000000	2.60655386671909
1893	2.61537922846760
1893.50000000000	2.61593419852222
1894	2.62309557481558
1894.50000000000	2.65997662798195
1895	2.69512798845837
1895.50000000000	2.66664673515301
1896	2.65315750202758
1896.50000000000	2.65661815052984
1897	2.67859442335527
1897.50000000000	2.68475498833192
1898	2.67295875523938
1898.50000000000	2.63180232568163
1899	2.53203326929385
1899.50000000000	2.54845502072635
1900	2.55666927233015
1900.50000000000	2.57560537867936
1901	2.59623943484493
1901.50000000000	2.60154794715158
1902	2.57235945270781
1902.50000000000	2.60310380281690
1903	2.57244967702882
1903.50000000000	2.54838080327573
1904	2.55002826191512
1904.50000000000	2.55985485385091
1905	2.64446235322015
1905.50000000000	2.53687266803896
1906	2.54638464381638
1906.50000000000	2.60384575734894
1907	2.64377306229508
1907.50000000000	2.68370162380377
1908	2.66976880376968
1908.50000000000	2.62229096885272
1909	2.60240378591741
1909.50000000000	2.63462238378117
1910	2.64075130825260
1910.50000000000	2.70599921933811
1911	2.73990412327008
1911.50000000000	2.71541589082783
1912	2.66610887452931
1912.50000000000	2.60922184466019
1913	2.67670328346795
1913.50000000000	2.74377068507376
1914	2.78400000000000
1914.50000000000	2.74415334785823
1915	2.70864796309820
1915.50000000000	2.69659882362567
1916	2.68063263029178
1916.50000000000	2.69262536883869
1917	2.70407380500289
1917.50000000000	2.69172543269404
1918	2.67062808302378
1918.50000000000	2.66824179524115
1919	2.66049581787952
1919.50000000000	2.64827660537387
1920	2.63870730296218
1920.50000000000	2.63577003658964
1921	2.60355853555058
1921.50000000000	2.58227659418340
1922	2.57996608787414
1922.50000000000	2.55120897152818
1923	2.59280227948464
1923.50000000000	2.61196830832929
1924	2.64262212356510
1924.50000000000	2.60136865088096
1925	2.56542316039308
1925.50000000000	2.59925273817908
1926	2.58973741442458
1926.50000000000	2.56975451897370
1927	2.55711950859797
1927.50000000000	2.58655472437153
1928	2.60712612679729
1928.50000000000	2.63858691701999
1929	2.64101575601216
1929.50000000000	2.64768834658762
1930	2.63557895361152
1930.50000000000	2.61469927613826
1931	2.62505764333668
1931.50000000000	2.59781859582543
1932	2.60404119684383
1932.50000000000	2.67438111574107
1933	2.69814934232352
1933.50000000000	2.66638003042948
1934	2.64246572702301
1934.50000000000	2.63479357106981
1935	2.64479834219611
1935.50000000000	2.66986046149353
1936	2.56489760676932
1936.50000000000	2.49219484429710
1937	2.42698996131590
1937.50000000000	2.42297689134715
1938	2.47757364175055
1938.50000000000	2.52916417598998
1939	2.54436837222579
1939.50000000000	2.53278088112789
1940	2.51512030473460
1940.50000000000	2.51114265841274
1941	2.52923382598996
1941.50000000000	2.56453932211425
1942	2.59747564223312
1942.50000000000	2.64549064981420
1943	2.60300329843683
1943.50000000000	2.59044351807783
1944	2.58954332435460
1944.50000000000	2.56235608290457
1945	2.54794072859142
1945.50000000000	2.57448715894560
1946	2.56034650567422
1946.50000000000	2.51773980467154
1947	2.51303179242204
1947.50000000000	2.52214851199075
1948	2.53184367523204
1948.50000000000	2.53927293500907
1949	2.55105912662630
1949.50000000000	2.54870174695926
1950	2.55205518818229
1950.50000000000	2.57217993317537
1951	2.60111340937115
1951.50000000000	2.62534405190945
1952	2.58829262126718
1952.50000000000	2.53648198578512
1953	2.54023063018139
1953.50000000000	2.54325475034701
1954	2.50106459580339
1954.50000000000	2.50067193751471
1955	2.49328274126416
1955.50000000000	2.51502833244620
1956	2.55335030208722
1956.50000000000	2.55575493658294
1957	2.59144625898719
1957.50000000000	2.58467346673484
1958	2.57128339101246
1958.50000000000	2.56831609852422
1959	2.50101434624247
1959.50000000000	2.46268652437334
1960	2.49224863831672
1960.50000000000	2.53499374891748
1961	2.55692745031034
1961.50000000000	2.54725737113602
1962	2.51119064226596
1962.50000000000	2.47733452499172
1963	2.44447491416547
1963.50000000000	2.45319486338717
1964	2.47196034981101
1964.50000000000	2.46856461790829
1965	2.46023395798678
1965.50000000000	2.44779339475466
1966	2.44861171155209
1966.50000000000	2.44521391155509
1967	2.42521532737334
1967.50000000000	2.40667140781636
1968	2.38928395169377
1968.50000000000	2.37585123907075
1969	2.38138490538784
1969.50000000000	2.40356107669394
1970	2.42100000000000
1970.50000000000	2.42490000000000
1971	2.40240000000000
1971.50000000000	2.35140000000000
1972	2.34220000000000
1972.50000000000	2.33510000000000
1973	2.33620000000000
1973.50000000000	2.34360000000000
1974	2.35110000000000
1974.50000000000	2.35900000000000
1975	2.39160000000000
1975.50000000000	2.40850000000000
1976	2.40720000000000
1976.50000000000	2.37540000000000
1977	2.33140000000000
1977.50000000000	2.31260000000000
1978	2.30880000000000
1978.50000000000	2.31210000000000
1979	2.31930000000000
1979.50000000000	2.32480000000000
1980	2.33450000000000
1980.50000000000	2.35380000000000
1981	2.37070000000000
1981.50000000000	2.38860000000000
1982	2.38220000000000
1982.50000000000	2.36870000000000
1983	2.35860000000000
1983.50000000000	2.33930000000000
1984	2.31760000000000
1984.50000000000	2.32800000000000
1985	2.34330000000000
1985.50000000000	2.35530000000000
1986	2.36770000000000
1986.50000000000	2.36940000000000
1987	2.35490000000000
1987.50000000000	2.33230000000000
1988	2.32540000000000
1988.50000000000	2.33070000000000
1989	2.33990000000000
1989.50000000000	2.35420000000000
1990	2.36310000000000
1990.50000000000	2.36070000000000
1991	2.35310000000000
1991.50000000000	2.34230000000000
1992	2.33640000000000
1992.50000000000	2.34060000000000
1993	2.34580000000000
1993.50000000000	2.35150000000000
1994	2.35730000000000
1994.50000000000	2.36570000000000
1995	2.36940000000000
1995.50000000000	2.36830000000000
1996	2.36390000000000
1996.50000000000	2.35400000000000
1997	2.35340000000000
1997.50000000000	2.36160000000000
1998	2.37380000000000
1998.50000000000	2.37820000000000
1999	2.36250000000000
1999.50000000000	2.34600000000000
2000	2.33420000000000
2000.50000000000	2.33880000000000
2001	2.35390000000000
2001.50000000000	2.37310000000000
2002	2.40920000000000
2002.50000000000	2.43090000000000
2003	2.45040000000000
2003.50000000000	2.46790000000000
2004	2.46600000000000
2004.50000000000	2.43410000000000
2005	2.39250000000000
2005.50000000000	2.36660000000000
2006	2.34400000000000
2006.50000000000	2.34280000000000
2007	2.34950000000000
2007.50000000000	2.35610000000000
2008	2.37810000000000
2008.50000000000	2.40960000000000
2009	2.43380000000000
2009.50000000000	2.45180000000000
2010	2.47350000000000
2010.50000000000	2.48330000000000
2011	2.48270000000000
2011.50000000000	2.46420000000000
2012	2.41910000000000
2012.50000000000	2.40190000000000
2013	2.39830000000000
2013.50000000000	2.38600000000000
2014	2.38070000000000
2014.50000000000	2.37720000000000
2015	2.38540000000000
2015.50000000000	2.39090000000000
2016	2.39780000000000
2016.50000000000	2.38790000000000
2017	2.37460000000000
2017.50000000000	2.39680000000000
2018	2.40930000000000
2018.50000000000	2.41580000000000
2019	2.43210000000000
2019.50000000000	2.43920000000000
2020	2.42230000000000
2020.50000000000	2.38780000000000
2021	2.35830000000000
2021.50000000000	2.34280000000000
2022	2.33300000000000
2022.50000000000	2.32570000000000
2023	2.31370000000000
2023.50000000000	2.28440000000000
2024	2.24750000000000
2024.50000000000	2.23550000000000
2025	2.23260000000000
2025.50000000000	2.22700000000000
2026	2.22970000000000
2026.50000000000	2.23270000000000
2027	2.23070000000000
2027.50000000000	2.23130000000000
2028	2.23610000000000
2028.50000000000	2.24370000000000
2029	2.24220000000000
2029.50000000000	2.23110000000000
2030	2.25510000000000
2030.50000000000	2.28220000000000
2031	2.31100000000000
2031.50000000000	2.33690000000000
2032	2.37280000000000
2032.50000000000	2.40980000000000
2033	2.42010000000000
2033.50000000000	2.38180000000000
2034	2.30290000000000
2034.50000000000	2.26890000000000
2035	2.26570000000000
2035.50000000000	2.25460000000000
2036	2.24990000000000
2036.50000000000	2.25100000000000
2037	2.26690000000000
2037.50000000000	2.28640000000000
2038	2.29830000000000
2038.50000000000	2.30590000000000
2039	2.32010000000000
2039.50000000000	2.35230000000000
2040	2.38940000000000
2040.50000000000	2.44110000000000
2041	2.45670000000000
2041.50000000000	2.46670000000000
2042	2.47600000000000
2042.50000000000	2.47890000000000
2043	2.47080000000000
2043.50000000000	2.48900000000000
2044	2.48570000000000
2044.50000000000	2.46410000000000
2045	2.46720000000000
2045.50000000000	2.48640000000000
2046	2.50220000000000
2046.50000000000	2.50140000000000
2047	2.49490000000000
2047.50000000000	2.49670000000000
2048	2.47890000000000
2048.50000000000	2.48790000000000
2049	2.49680000000000
2049.50000000000	2.50560000000000
2050	2.51070000000000
2050.50000000000	2.50570000000000
2051	2.49940000000000
2051.50000000000	2.50550000000000
2052	2.52010000000000
2052.50000000000	2.54470000000000
2053	2.55620000000000
2053.50000000000	2.56480000000000
2054	2.57870000000000
2054.50000000000	2.57880000000000
2055	2.53780000000000
2055.50000000000	2.49120000000000
2056	2.46550000000000
2056.50000000000	2.45220000000000
2057	2.45450000000000
2057.50000000000	2.45180000000000
2058	2.44500000000000
2058.50000000000	2.43280000000000
2059	2.43430000000000
2059.50000000000	2.43660000000000
2060	2.45910000000000
2060.50000000000	2.49560000000000
2061	2.56090000000000
2061.50000000000	2.62120000000000
2062	2.67230000000000
2062.50000000000	2.65740000000000
2063	2.59230000000000
2063.50000000000	2.52480000000000
2064	2.49540000000000
2064.50000000000	2.50820000000000
2065	2.51350000000000
2065.50000000000	2.51210000000000
2066	2.50390000000000
2066.50000000000	2.50030000000000
2067	2.48340000000000
2067.50000000000	2.46580000000000
2068	2.44810000000000
2068.50000000000	2.43990000000000
2069	2.44390000000000
2069.50000000000	2.44820000000000
2070	2.45770000000000
2070.50000000000	2.46490000000000
2071	2.46470000000000
2071.50000000000	2.48690000000000
2072	2.50910000000000
2072.50000000000	2.52490000000000
2073	2.50940000000000
2073.50000000000	2.50720000000000
2074	2.50320000000000
2074.50000000000	2.51370000000000
2075	2.51950000000000
2075.50000000000	2.51310000000000
2076	2.50060000000000
2076.50000000000	2.48820000000000
2077	2.50640000000000
2077.50000000000	2.53430000000000
2078	2.54460000000000
2078.50000000000	2.53570000000000
2079	2.52220000000000
2079.50000000000	2.52150000000000
2080	2.52750000000000
2080.50000000000	2.52090000000000
2081	2.51700000000000
2081.50000000000	2.51080000000000
2082	2.50270000000000
2082.50000000000	2.50580000000000
2083	2.51790000000000
2083.50000000000	2.52420000000000
2084	2.52260000000000
2084.50000000000	2.51570000000000
2085	2.51020000000000
2085.50000000000	2.50080000000000
2086	2.49020000000000
2086.50000000000	2.48920000000000
2087	2.50020000000000
2087.50000000000	2.50910000000000
2088	2.50860000000000
2088.50000000000	2.51520000000000
2089	2.51910000000000
2089.50000000000	2.51330000000000
2090	2.51510000000000
2090.50000000000	2.51650000000000
2091	2.51980000000000
2091.50000000000	2.53730000000000
2092	2.56020000000000
2092.50000000000	2.58210000000000
2093	2.59690000000000
2093.50000000000	2.58540000000000
2094	2.54360000000000
2094.50000000000	2.55150000000000
2095	2.55620000000000
2095.50000000000	2.55450000000000
2096	2.55770000000000
2096.50000000000	2.56730000000000
2097	2.53190000000000
2097.50000000000	2.49960000000000
2098	2.48330000000000
2098.50000000000	2.47920000000000
2099	2.48600000000000
2099.50000000000	2.50540000000000
2100	2.52290000000000
2100.50000000000	2.53500000000000
2101	2.53910000000000
2101.50000000000	2.54070000000000
2102	2.53800000000000
2102.50000000000	2.52660000000000
2103	2.51570000000000
2103.50000000000	2.50860000000000
2104	2.50960000000000
2104.50000000000	2.52000000000000
2105	2.53830000000000
2105.50000000000	2.54680000000000
2106	2.54210000000000
2106.50000000000	2.54020000000000
2107	2.53650000000000
2107.50000000000	2.53160000000000
2108	2.52300000000000
2108.50000000000	2.52950000000000
2109	2.53120000000000
2109.50000000000	2.53040000000000
2110	2.51780000000000
2110.50000000000	2.51520000000000
2111	2.50830000000000
2111.50000000000	2.52280000000000
2112	2.53140000000000
2112.50000000000	2.54610000000000
2113	2.53060000000000
2113.50000000000	2.50670000000000
2114	2.51380000000000
2114.50000000000	2.54440000000000
2115	2.56730000000000
2115.50000000000	2.56090000000000
2116	2.54170000000000
2116.50000000000	2.53170000000000
2117	2.53740000000000
2117.50000000000	2.53780000000000
2118	2.53040000000000
2118.50000000000	2.52210000000000
2119	2.53200000000000
2119.50000000000	2.53210000000000
2120	2.54700000000000
2120.50000000000	2.55510000000000
2121	2.55750000000000
2121.50000000000	2.55360000000000
2122	2.54400000000000
2122.50000000000	2.52990000000000
2123	2.52280000000000
2123.50000000000	2.52930000000000
2124	2.52360000000000
2124.50000000000	2.51540000000000
2125	2.52620000000000
2125.50000000000	2.53840000000000
2126	2.54730000000000
2126.50000000000	2.53980000000000
2127	2.53200000000000
2127.50000000000	2.53140000000000
2128	2.55330000000000
2128.50000000000	2.57120000000000
2129	2.58000000000000
2129.50000000000	2.58710000000000
2130	2.59420000000000
2130.50000000000	2.58650000000000
2131	2.55560000000000
2131.50000000000	2.54530000000000
2132	2.53700000000000
2132.50000000000	2.54360000000000
2133	2.55790000000000
2133.50000000000	2.57660000000000
2134	2.58520000000000
2134.50000000000	2.57670000000000
2135	2.54170000000000
2135.50000000000	2.52290000000000
2136	2.51940000000000
2136.50000000000	2.51540000000000
2137	2.51900000000000
2137.50000000000	2.51810000000000
2138	2.50560000000000
2138.50000000000	2.50230000000000
2139	2.49530000000000
2139.50000000000	2.49300000000000
2140	2.50140000000000
2140.50000000000	2.50400000000000
2141	2.51080000000000
2141.50000000000	2.52350000000000
2142	2.53620000000000
2142.50000000000	2.55280000000000
2143	2.57140000000000
2143.50000000000	2.54760000000000
2144	2.55230000000000
2144.50000000000	2.56970000000000
2145	2.58230000000000
2145.50000000000	2.57170000000000
2146	2.57270000000000
2146.50000000000	2.55090000000000
2147	2.52580000000000
2147.50000000000	2.53940000000000
2148	2.55330000000000
2148.50000000000	2.56040000000000
2149	2.55690000000000
2149.50000000000	2.55600000000000
2150	2.56310000000000
2150.50000000000	2.57700000000000
2151	2.58460000000000
2151.50000000000	2.58590000000000
2152	2.59690000000000
2152.50000000000	2.61580000000000
2153	2.63860000000000
2153.50000000000	2.59720000000000
2154	2.54360000000000
2154.50000000000	2.51320000000000
2155	2.49930000000000
2155.50000000000	2.49790000000000
2156	2.50990000000000
2156.50000000000	2.50780000000000
2157	2.50910000000000
2157.50000000000	2.52160000000000
2158	2.53060000000000
2158.50000000000	2.53970000000000
2159	2.55720000000000
2159.50000000000	2.56440000000000
2160	2.56210000000000
2160.50000000000	2.58500000000000
2161	2.59230000000000
2161.50000000000	2.60870000000000
2162	2.62380000000000
2162.50000000000	2.58470000000000
2163	2.51520000000000
2163.50000000000	2.50600000000000
2164	2.52200000000000
2164.50000000000	2.53740000000000
2165	2.57050000000000
2165.50000000000	2.58390000000000
2166	2.58690000000000
2166.50000000000	2.59150000000000
2167	2.58420000000000
2167.50000000000	2.55220000000000
2168	2.53020000000000
2168.50000000000	2.53840000000000
2169	2.54970000000000
2169.50000000000	2.55860000000000
2170	2.55540000000000
2170.50000000000	2.54980000000000
2171	2.54600000000000
2171.50000000000	2.53720000000000
2172	2.53680000000000
2172.50000000000	2.54790000000000
2173	2.54500000000000
2173.50000000000	2.53120000000000
2174	2.51730000000000
2174.50000000000	2.53890000000000
2175	2.52920000000000
2175.50000000000	2.54660000000000
2176	2.53960000000000
2176.50000000000	2.49130000000000
2177	2.48030000000000
2177.50000000000	2.45070000000000
2178	2.43560000000000
2178.50000000000	2.41270000000000
2179	2.42360000000000
2179.50000000000	2.44390000000000
2180	2.44190000000000
2180.50000000000	2.43130000000000
2181	2.44800000000000
2181.50000000000	2.49160000000000
2182	2.48020000000000
2182.50000000000	2.47630000000000
2183	2.51130000000000
2183.50000000000	2.51350000000000
2184	2.50540000000000
2184.50000000000	2.51770000000000
2185	2.52390000000000
2185.50000000000	2.54540000000000
2186	2.52360000000000
2186.50000000000	2.49590000000000
2187	2.51870000000000
2187.50000000000	2.53100000000000
2188	2.53900000000000
2188.50000000000	2.54910000000000
2189	2.56270000000000
2189.50000000000	2.60690000000000
2190	2.62030000000000
2190.50000000000	2.63840000000000
2191	2.66260000000000
2191.50000000000	2.67410000000000
2192	2.65530000000000
2192.50000000000	2.66600000000000
2193	2.64800000000000
2193.50000000000	2.55690000000000
2194	2.46900000000000
2194.50000000000	2.38890000000000
2195	2.33940000000000
2195.50000000000	2.32090000000000
2196	2.33380000000000
2196.50000000000	2.35510000000000
2197	2.39310000000000
2197.50000000000	2.43100000000000
2198	2.46900000000000
2198.50000000000	2.51440000000000
2199	2.54610000000000
2199.50000000000	2.56810000000000
2200	2.57640000000000
2200.50000000000	2.55360000000000
2201	2.53080000000000
2201.50000000000	2.53260000000000
2202	2.53580000000000
2202.50000000000	2.52860000000000
2203	2.54040000000000
2203.50000000000	2.53130000000000
2204	2.50990000000000
2204.50000000000	2.49050000000000
2205	2.48940000000000
2205.50000000000	2.48830000000000
2206	2.50590000000000
2206.50000000000	2.51000000000000
2207	2.49180000000000
2207.50000000000	2.49920000000000
2208	2.51230000000000
2208.50000000000	2.47750000000000
2209	2.47390000000000
2209.50000000000	2.48990000000000
2210	2.50600000000000
2210.50000000000	2.49610000000000
2211	2.48370000000000
2211.50000000000	2.49560000000000
2212	2.51640000000000
2212.50000000000	2.54560000000000
2213	2.56470000000000
2213.50000000000	2.58790000000000
2214	2.60930000000000
2214.50000000000	2.55400000000000
2215	2.49870000000000
2215.50000000000	2.44370000000000
2216	2.40700000000000
2216.50000000000	2.42290000000000
2217	2.43470000000000
2217.50000000000	2.41820000000000
2218	2.40170000000000
2218.50000000000	2.42140000000000
2219	2.43290000000000
2219.50000000000	2.47540000000000
2220	2.50070000000000
2220.50000000000	2.50060000000000
2221	2.46240000000000
2221.50000000000	2.42430000000000
2222	2.39330000000000
2222.50000000000	2.41760000000000
2223	2.44670000000000
2223.50000000000	2.48680000000000
2224	2.52700000000000
2224.50000000000	2.51460000000000
2225	2.50060000000000
2225.50000000000	2.48650000000000
2226	2.50820000000000
2226.50000000000	2.56570000000000
2227	2.55820000000000
2227.50000000000	2.51370000000000
2228	2.46920000000000
2228.50000000000	2.48220000000000
2229	2.51140000000000
2229.50000000000	2.52160000000000
2230	2.50610000000000
2230.50000000000	2.47280000000000
2231	2.43940000000000
2231.50000000000	2.46310000000000
2232	2.50270000000000
2232.50000000000	2.50140000000000
2233	2.46700000000000
2233.50000000000	2.44910000000000
2234	2.46160000000000
2234.50000000000	2.43050000000000
2235	2.40770000000000
2235.50000000000	2.42190000000000
2236	2.41330000000000
2236.50000000000	2.42610000000000
2237	2.39760000000000
2237.50000000000	2.38840000000000
2238	2.40340000000000
2238.50000000000	2.38870000000000
2239	2.37400000000000
2239.50000000000	2.35940000000000
2240	2.35840000000000
2240.50000000000	2.38240000000000
2241	2.39770000000000
2241.50000000000	2.38710000000000
2242	2.37640000000000
2242.50000000000	2.41000000000000
2243	2.45720000000000
2243.50000000000	2.50450000000000
2244	2.53020000000000
2244.50000000000	2.49870000000000
2245	2.46720000000000
2245.50000000000	2.49060000000000
2246	2.51300000000000
2246.50000000000	2.48360000000000
2247	2.45480000000000
2247.50000000000	2.46390000000000
2248	2.47190000000000
2248.50000000000	2.46810000000000
2249	2.50150000000000
2249.50000000000	2.51170000000000
2250	2.51340000000000
2250.50000000000	2.50410000000000
2251	2.51120000000000
2251.50000000000	2.50730000000000
2252	2.47970000000000
2252.50000000000	2.47990000000000
2253	2.47940000000000
2253.50000000000	2.44420000000000
2254	2.39020000000000
2254.50000000000	2.35600000000000
2255	2.33730000000000
2255.50000000000	2.35550000000000
2256	2.40950000000000
2256.50000000000	2.46340000000000
2257	2.47110000000000
2257.50000000000	2.46950000000000
2258	2.45680000000000
2258.50000000000	2.41130000000000
2259	2.42810000000000
2259.50000000000	2.51720000000000
2260	2.60630000000000
2260.50000000000	2.69530000000000
2261	2.74460000000000
2261.50000000000	2.78540000000000
2262	2.76710000000000
2262.50000000000	2.77900000000000
2263	2.79840000000000
2263.50000000000	2.78600000000000
2264	2.74460000000000
2264.50000000000	2.73540000000000
2265	2.72430000000000
2265.50000000000	2.71510000000000
2266	2.71310000000000
2266.50000000000	2.73890000000000
2267	2.74730000000000
2267.50000000000	2.77180000000000
2268	2.76940000000000
2268.50000000000	2.75510000000000
2269	2.75560000000000
2269.50000000000	2.76330000000000
2270	2.75940000000000
2270.50000000000	2.76890000000000
2271	2.76530000000000
2271.50000000000	2.76650000000000
2272	2.76740000000000
2272.50000000000	2.76510000000000
2273	2.76510000000000
2273.50000000000	2.76590000000000
2274	2.76650000000000
2274.50000000000	2.74340000000000
2275	2.72970000000000
2275.50000000000	2.73990000000000
2276	2.72890000000000
2276.50000000000	2.71060000000000
2277	2.70470000000000
2277.50000000000	2.69870000000000
2278	2.71630000000000
2278.50000000000	2.73770000000000
2279	2.73110000000000
2279.50000000000	2.70300000000000
2280	2.67180000000000
2280.50000000000	2.64410000000000
2281	2.63630000000000
2281.50000000000	2.66110000000000
2282	2.67120000000000
2282.50000000000	2.67210000000000
2283	2.69040000000000
2283.50000000000	2.67690000000000
2284	2.66410000000000
2284.50000000000	2.68640000000000
2285	2.70870000000000
2285.50000000000	2.72900000000000
2286	2.74190000000000
2286.50000000000	2.73870000000000
2287	2.76710000000000
2287.50000000000	2.77020000000000
2288	2.77230000000000
2288.50000000000	2.73780000000000
2289	2.72980000000000
2289.50000000000	2.72290000000000
2290	2.71610000000000
2290.50000000000	2.70940000000000
2291	2.72400000000000
2291.50000000000	2.73850000000000
2292	2.71600000000000
2292.50000000000	2.71030000000000
2293	2.70460000000000
2293.50000000000	2.71250000000000
2294	2.74550000000000
